0.0932236
0.633859
0.285865
0.231648
0.360556
0.112836
0.298438
0.280469
0.313186
0.259362
0.125491
0.287405
0.650773
0.226542
0.612984
0.508538
0.206916
0.117167
0.348857
0.353377
0.224276
0.209663
0.63174
0.355498
0.743778
0.241075
0.660002
0.149236
0.408389
0.128056
0.204346
0.312147
0.423191
0.37154
0.296743
0.156528
0.479278
0.362416
0.118915
0.225713
0.220435
0.288741
0.186086
0.661756
0.61036
0.106555
0.368267
0.106275
0.638143
0.380863
0.358364
0.249832
0.630222
0.704193
0.285733
0.240091
0.165317
0.194276
0.108661
0.689446
0.136648
0.230111
0.083754
0.412585
0.589817
0.632867
0.314184
0.439485
0.404684
0.661794
0.281571
0.128566
0.315298
0.534142
0.624304
0.357795
0.170006
0.70687
0.283055
0.342771
0.338134
0.316976
0.250936
0.158608
0.219839
0.0778693
0.37074
0.329697
0.313995
0.305374
0.274985
0.126009
0.657943
0.166122
0.180309
0.0759927
0.657077
0.118452
0.376329
0.138271
0.550596
0.198605
0.115537
0.10288
0.417556
0.187439
0.168122
0.110316
0.101265
0.337489
0.237046
0.279176
0.515836
0.376571
0.610278
0.101118
0.114691
0.530462
0.370447
0.529808
0.678908
0.0810072
0.661404
0.178452
0.0877874
0.413137
0.143823
0.341454
0.210221
0.175222
0.178642
0.330206
0.405929
0.104242
0.140508
0.126301
0.11111
0.269465
0.4569
0.18686
0.395779
0.508471
0.507867
0.323848
0.229715
0.142966
0.330621
0.221054
0.199045
0.32193
0.686978
0.12641
0.133433
0.361941
0.22726
0.143689
0.589141
0.314465
0.330663
0.393753
0.360355
0.218023
0.620981
0.224004
0.324367
0.358312
0.344758
0.178262
0.52837
0.379583
0.133268
0.126778
0.130671
0.123133
0.215558
0.498371
0.448548
0.32204
0.754577
0.637642
0.261413
0.440991
0.627262
0.103155
0.654244
0.33695
0.604165
0.237312
0.413619
0.271726
0.273633
0.254622
0.25473
0.237318
0.32625
0.181265
0.481386
0.343143
0.270013
0.374795
0.363989
0.213097
0.552287
0.659098
0.260865
0.225483
0.283771
0.283368
0.659028
0.110463
0.151933
0.169025
0.213234
0.517817
0.414203
0.445042
0.306269
0.314631
0.677105
0.170343
0.539377
0.229469
0.716325
0.170961
0.559011
0.39107
0.147165
0.338514
0.123921
0.269303
0.272065
0.580536
0.131702
0.104619
0.306077
0.132439
0.300792
0.127892
0.571093
0.596125
0.609397
0.554629
0.490633
0.117747
0.197872
0.310101
0.635305
0.319606
0.448307
0.283109
0.584331
0.148113
0.387466
0.165249
0.151861
0.142901
0.0845482
0.12985
0.538742
0.125847
0.199485
0.162286
0.527191
0.397687
0.247939
0.161101
0.247545
0.153407
0.364302
0.111191
0.401064
0.116814
0.64075
0.288467
0.170239
0.481775
0.26853
0.251501
0.240769
0.266382
0.367649
0.221776
0.396918
0.398323
0.399576
0.208803
0.139673
0.422578
0.321183
0.162337
0.246452
0.388621
0.138492
0.431785
0.121957
0.140048
0.578194
0.15129
0.176562
0.142913
0.164078
0.468981
0.365371
0.159398
0.324833
0.669318
0.478965
0.233591
0.440479
0.326946
0.142763
0.157939
0.185029
0.307814
0.619706
0.284985
0.248587
0.2856
0.142709
0.291002
0.11985
0.276545
0.420442
0.224104
0.531886
0.161189
0.765424
0.233802
0.193966
0.29602
0.626134
0.364524
0.131896
0.422823
0.146006
0.370893
0.286518
0.20444
0.268293
0.163305
0.355876
0.117331
0.180408
0.696738
0.255645
0.328181
0.263371
0.439636
0.317748
0.642163
0.698305
0.241666
0.239632
0.315729
0.369512
0.344204
0.606036
0.15049
0.091834
0.309376
0.202505
0.580775
0.57039
0.135658
0.519553
0.346435
0.113894
0.390799
0.627746
0.249396
0.278204
0.615672
0.446361
0.303927
0.630468
0.584669
0.363969
0.338977
0.324728
0.195592
0.0851161
0.106126
0.465768
0.347064
0.322648
0.57012
0.149243
0.269963
0.134845
0.267848
0.326208
0.729605
0.318299
0.427904
0.178165
0.598328
0.140094
0.656929
0.142544
0.110609
0.639172
0.307851
0.636562
0.180624
0.296349
0.421096
0.284116
0.438147
0.410447
0.400732
0.300152
0.609189
0.423932
0.146596
0.616731
0.181491
0.15473
0.21271
